# ground truth is 153.98573374242764
1.481637948561943006e+02
1.474435059502729359e+02
-7.071998682619189935e+01
1.728872646839120932e+02
8.307386387836070973e-01
-2.384809307786317234e+01
6.561330230965526766e+01
1.198391658272220468e+02
-9.993239682378174393e+01
1.824086098752924840e+02
1.487808645002688834e+01
-1.873561501187280101e+02
-1.550768937015463322e+01
-1.741390713186866321e+02
-9.748614938108065786e+00
9.876727684915994132e+01
-8.110757689932512893e-01
-1.094526003964107197e+01
2.255959952116759482e-02
-4.138117710602062260e+01
-7.046009362839561163e+01
-1.186808993557965097e+00
-1.419037955094440973e+00
2.317727303646806014e-01
-1.051962740485349457e+02
-2.719182477491193950e+01
1.000647549986346547e+02
-1.574477736527385332e+02
8.865092378640619941e-01
-6.537052554253119752e+01
8.619625014672912755e+01
-2.479336270926005881e+01
-1.937204747450367393e+02
-1.580487343828778979e+00
1.669207283377227498e+02
2.859173512387887683e+01
-1.683558497391655635e+02
-1.424299803067121957e+02
1.507391443003009783e+02
2.950211495007053486e-01
5.573751798995328244e+01
6.541357956018468656e+01
-1.159753585137537124e+00
7.933843351952622136e+00
-1.862390234858289944e+02
1.997289600901000881e+02
1.435268615373970214e-01
-1.571643807798354828e+02
-1.533894337492022641e+00
1.158331526881309026e+00
-1.013401378036928406e+02
-1.390915925664944837e+02
-3.146268800940302768e+01
1.431246950046096629e+02
8.337472829988095668e+01
5.635711338544405180e+01
-1.741498464151165937e+00
-3.935856996434475263e+01
1.062491687345641651e+02
2.034146927899171331e+01
-5.090720905609645541e+01
-7.098976953570043236e+01
7.723218520505750462e+01
-9.902624083628651874e+01
1.432145599342058802e+02
8.547562341031535027e+01
-2.278683589962658118e+01
4.331019252689534227e+01
6.715939225871527185e+01
-1.942779058036261688e+02
9.892512785155845734e+01
1.867943230587792414e+02
-6.796395430549300443e+01
-1.436349467029105540e+02
-9.441116761849688999e+01
-3.155044686027653711e+01
4.211773959016367996e+01
1.501741803927437502e+02
-1.505691826650876521e+02
1.728757944583628614e+01
1.114367796763283991e+01
5.765782894735289599e-01
-1.448545725467351986e+02
-1.340330584733740515e+01
6.114714853941890738e+01
1.584881666099151687e+02
-7.193193715727792892e+01
1.572426964929853170e+02
8.245697607800552476e+01
-1.788315858279417512e+02
-5.077127535600862274e+01
7.795637684277177293e+00
-4.286392990293759908e+01
-9.790111100548575251e+00
-1.339009964944602338e+00
-7.269640870612865058e+01
1.496928019345220351e+00
1.277090385420275993e+02
-1.666254554458007675e+01
8.282882366889620585e+01
-1.217409892390731763e+01
8.304062961848606506e+01
1.245806136544768128e+00
-8.911918910981928121e+00
-3.769661543798734016e+01
-8.615316732835121005e-01
1.870717728719399702e+02
1.168442189526481201e+02
-2.088248004846222727e+01
-1.187167377674511748e+01
8.341487689152364737e+01
1.755108097942018048e+02
1.150827291515699180e+00
1.344137177133437611e+01
-8.053734209609162065e+01
-5.696026553226688804e+01
-1.275975064315498786e+00
-7.255481892365924779e-01
1.841104568813036337e+02
3.031320566836937758e+01
8.513932912838700418e+01
1.869502066494411565e+02
1.180218155668584643e+02
1.798427852104108808e+02
-1.246008838029266883e+02
3.801268541520125410e+01
-1.768828964583332208e+02
4.738350623685338991e-01
-1.382585385675587020e+02
9.769324507306097871e+01
-1.312617826142614685e-01
1.939729821070760636e+02
3.140094374021849077e+01
5.745543088175331103e-01
-9.719509107189983865e+01
1.171722181851693190e+00
-8.714726373107331003e-01
1.470271296281797504e+02
1.670949847801159081e+02
-1.267207986149532895e+00
-1.515561274366441467e+02
1.963110631881827715e+02
-1.322846530459171390e+02
-7.120606938686242415e+01
2.429895575390827034e+01
-1.138557055963034941e+02
-1.613931990110000640e+02
-1.727425674692286179e+02
-1.740935902565325932e+02
-2.051582636781671098e+01
-1.237361945815537823e+01
1.204433564318709671e+02
-6.646692240185485900e+01
-2.784919822537887413e+01
5.916009728730887929e+01
1.857215784688528881e+00
-1.138206591440274593e+02
-1.470440871685166826e+02
-1.253849354838318959e+02
-8.303452486028304325e-01
