-1.750180392165760213e-01 5.272083653251499191e-01
-5.679854293834234458e-01 -9.730852875629996124e-01
2.796554888217395868e-02 -5.345360648440325990e-01
-9.253744726602756154e-01 4.127267061529985570e-01
-7.064781849162029559e-01 1.786822585461717017e+00
6.921772602044691247e-01 6.068127642121197152e-01
-1.054130714354579945e+00 -7.767396391352201501e-01
1.605932840181981680e+00 4.247992280504289675e-01
2.094561066563453977e-01 -9.242016884745432037e-01
-2.393640262443302580e-01 1.902204760691728502e+00
-2.031010937007477965e-02 3.169502173770848141e-02
-5.849525479942927486e-01 4.280641593617668383e-01
2.187878573062581877e-01 8.005021413658228724e-01
6.145854789032585419e-01 8.678259825605430522e-02
2.165177464135859681e-02 -3.379772312610754281e-02
-1.000991785802807899e+00 -1.682892747097852526e+00
-9.733876580477779372e-01 -3.098637476138111913e-01
-1.248870322013154455e-01 -1.210861132447063726e+00
4.707278269320502306e-01 -9.725498457612692382e-01
2.215657290295591775e-01 1.176665411264723737e-01
2.200326581831449357e-01 8.329334704233166686e-01
5.046509841603990382e-02 1.978891346695026976e-01
3.832725714363953706e-01 1.349420768696198425e-01
7.729842822034015404e-01 8.884770130287957812e-01
1.649305555364044551e-01 8.258550831174925611e-01
1.590333591519943912e+00 -6.723844441104632752e-01
1.562405547846291154e-01 1.969344329749646016e+00
4.578545893325503546e-01 7.162748480232659087e-01
-8.886708892548473848e-01 -3.030381290484831514e-01
-2.055660410173209829e-01 -4.900708285581770185e-01
-1.196142400823638208e-01 4.935970015853746173e-01
2.094583441104816771e-02 -2.401517455384090047e-02
2.071789071996852638e-01 -1.727147697416754057e-01
6.019765869747017994e-02 2.437334922537858772e-01
3.182482131853303087e-01 1.443167356773716659e+00
3.891434837617282483e-01 -1.504234496163586510e+00
-4.336846788101324512e-01 -4.009150082948460814e-02
-7.004779118381591896e-02 3.486513538184636274e-01
9.862829704598088387e-01 -7.332933652557316329e-01
4.046013902095704773e-02 9.725592521041949157e-01
-6.239828224893553266e-01 5.477550908151482267e-03
-2.243973622282985358e-01 -1.826955490326391152e+00
-1.208111207007267707e+00 8.523362619776593263e-01
-2.736946846676127643e-01 -6.597399797574572677e-02
1.572140521698428994e+00 -7.030607960885264518e-01
1.175580728480585702e+00 1.522045130035257036e-02
7.451204858416222709e-01 -9.385872150784394519e-01
7.512050099018572347e-01 -4.369762503732801395e-01
-6.089530747147781781e-02 -1.163665644853681923e-02
-8.519095111996191072e-01 -1.518383690401306607e+00
6.400836827997861134e-01 -6.070343690144051063e-01
-1.148942222528063439e+00 -4.201251207403129406e-01
-6.397389446298050730e-01 -1.226167375092908296e+00
-3.745814584709381556e-01 2.443797105704166583e-01
-1.410410864742973613e+00 -1.263997781407245169e+00
-9.821302142009924463e-01 -1.220153862922005894e+00
4.365534149969708261e-02 -6.964700084220160070e-02
-7.630051494574653370e-01 7.370756610338277115e-01
-4.973001099199272357e-01 4.703124180787687791e-01
1.205370120814764023e+00 -1.383128259252493608e+00
3.854508356979912675e-01 2.295304428466508062e-01
-1.921987501316313685e+00 -3.127739188818293159e-01
1.152679167985802611e+00 1.201751050659210840e+00
3.062201413696838750e-02 -9.125105579129201283e-01
1.925705676721651272e-01 -1.991836091711894630e-01
6.223367097231118361e-01 1.550454100704180549e+00
5.077981416595265252e-01 8.536351867097943247e-01
1.171126345343596747e-01 -4.516289550632894834e-01
6.259749280958725182e-01 -1.257800121369858498e-02
-5.042555891940176949e-01 -1.333559676710266206e+00
4.172702351243552932e-01 6.415660031500054483e-01
-2.060015397088020006e-01 3.183277167974463695e-01
-3.276682360022593055e-01 -7.409447653881882090e-01
-7.651554964298389050e-02 1.986860478414702369e+00
1.896566233951911540e-01 -4.371518878297787902e-02
-1.069220249823539179e-02 -1.276134003836451924e+00
1.306729251581645102e+00 2.555942876400943975e-01
8.974158515729269148e-01 1.548099649576590853e-01
-7.295548049280526914e-01 1.156179597570677453e+00
1.774340392259104171e-01 -1.842047060260342706e+00
-1.503490664164485846e+00 1.400419370978522315e-01
-1.326945699381179455e+00 8.573498777945206539e-01
-2.418097972559848097e-01 2.121998374599540493e-01
-6.504530144865611208e-02 -3.085999112809617237e-02
6.689460379286562564e-01 -1.147743604337419787e-01
1.016652343748136955e+00 5.605458038450275016e-01
-1.269582641899163755e-01 1.069711048200446601e+00
-1.013214253244482804e-03 9.231455124831956516e-01
-1.454130685422527769e+00 8.948700249294510023e-01
1.131468865823903158e+00 6.208204842844773363e-01
2.213813141627275771e-01 -1.771103808506107269e+00
-1.280959749509152368e-01 1.408062668563968112e+00
-3.255838412561874451e-01 -1.042863722838553109e+00
5.738541089944614731e-02 4.982363984301244053e-02
-2.454929714577455957e-01 9.244321765193047602e-02
1.659184695664671416e+00 2.921444528766005133e-01
3.799622824580929370e-01 4.497137634181757604e-01
-8.261121921533705059e-01 8.674753076556902531e-01
1.103814113489184789e+00 -6.432312141858858023e-01
1.211135855504153369e+00 8.953251569401330379e-01
1.112199544415056085e+00 -4.526671777015375819e-01
-3.748666258014903274e-01 -1.104621357282340011e+00
1.588594079177468643e+00 -5.036544133551289493e-01
-1.641025850792400709e+00 -3.367275226031882229e-01
8.534692949162884235e-01 1.720173863871906850e+00
-1.240379432003028692e-01 -1.479484807914041231e-02
-1.772540977691832720e-01 -4.252268738934968928e-01
3.848031372351096158e-02 2.701324583376035066e-02
-5.496530202124944031e-01 -3.688265553305801192e-01
-1.373861043146056060e+00 8.166423454699819340e-01
1.197998131970154256e+00 -1.123752679046354563e+00
-2.846590880104698518e-01 4.933285461965529195e-01
-4.241335849098563093e-01 -1.037319640951436917e+00
-5.784247029353128955e-01 -9.523598986755693607e-01
2.615945122375967213e-01 -7.677692529070479117e-03
-1.008529130510984029e+00 -2.660992451637720357e-01
-1.377022140378290627e-01 -9.572463385315487239e-01
-6.692410836484722347e-01 6.758742507267906374e-01
-1.846100957252219787e+00 -4.320033559748723828e-01
6.382592801236098845e-01 1.323576011237942218e+00
9.559685540346569699e-01 -2.417556200676892475e-01
3.685409751660468913e-01 5.432652469861445343e-01
1.987494152850717288e+00 5.406695725827913301e-02
5.853094747516206509e-01 1.063249959036646874e+00
-4.852983070466431736e-01 -1.494694669894520711e+00
-1.612685519116752397e+00 8.849761913445308714e-01
-1.089029172803429590e+00 -6.452079366896228407e-01
-2.540958828299141881e-01 9.515842711084294969e-02
-7.300504834826747336e-02 1.312899478089508271e-02
-1.297857928636594993e+00 -2.707104284979937048e-01
-8.711548403565938514e-02 -8.496860373382091325e-01
-8.015511063821443294e-01 -2.407405034456992499e-01
-6.992264327931233536e-01 -1.389449578835414645e+00
2.373451224117472669e-01 -1.176395053643342958e+00
2.760972452118187759e-01 3.421712621543082089e-01
1.306774294920326485e-02 3.154101764265168639e-02
-6.547768597589375128e-01 8.517186180329893164e-01
-3.684615884652561041e-02 2.489387652737494461e-01
-7.167608611020650500e-01 1.311230009518682182e+00
-6.147905076816928549e-01 9.568992161728967494e-01
-6.692431137795838703e-02 4.255080412203281204e-02
1.736753480188956422e-01 -8.908417057226881985e-02
1.631566612110960102e-01 1.064042278041548162e+00
-6.126170353919957456e-01 -4.398695864582379267e-01
1.027852401154775303e-01 6.970155207786588036e-01
-1.262602940679235841e+00 -9.257815260665369639e-01
-1.334808931588220560e+00 3.570100167579785544e-01
1.939585669994534634e+00 -4.292904787460575244e-01
1.416653814268027611e+00 1.103746336832736263e+00
-1.838248671010773050e+00 -4.640486451054366968e-01
6.215148973672800503e-01 -1.698709552712784898e+00
5.469464253182960700e-01 -4.506346094832047733e-01
7.458869686100090268e-01 -2.449294341394208166e-02
6.568105334571682219e-01 5.531511502591680562e-01
-4.127105444399498113e-01 1.134994432983884138e+00
1.325746044746052066e+00 -6.238908189584256858e-01
1.782408233025009614e-02 1.336699422103666823e-02
-6.110460178291564626e-01 -9.427024552665297374e-01
3.743534303723046186e-01 -9.565001318478703884e-02
4.072392957181986128e-01 1.695763570858906943e-01
7.048796603009354067e-01 -1.653113050239802262e-01
5.209671534549537020e-01 -3.796790764205360547e-01
4.622761416910501353e-01 -1.090012665392550373e+00
-8.826353819039859383e-01 -1.316316224515712952e+00
-3.554846498565414348e-02 -1.111668331219137995e+00
-5.691937383603394851e-01 9.549237937471639626e-01
-1.510898660710597030e-01 1.490571865329716195e+00
1.676673830178034841e+00 -6.695788838695709844e-01
-6.307631400196103133e-01 1.464507003307568000e+00
5.576702543390749112e-01 -6.832617300689274309e-01
1.757999979147410130e+00 5.962437000317748481e-01
-1.877155327256911817e-03 1.648685775126843334e+00
5.963365523541276358e-01 -8.720272220637756977e-01
9.176958184008694452e-01 1.062191121050967357e+00
2.503753802318084420e-02 -3.250166690869577685e-02
-4.984732238319435765e-02 -1.221643748665860729e-01
-3.399349453533352383e-01 1.921306706905852313e-02
8.540188189657017537e-01 -3.381823904419179461e-01
-8.074733441689305735e-01 -3.011081335961880434e-01
-1.315642826560971645e+00 -1.003904507900414744e+00
1.916330901747676618e+00 2.877750737236483003e-01
1.687186081669938220e+00 -4.437850119991776365e-02
1.117845227811233161e-01 -1.405963123040711693e+00
-1.941038580184231588e+00 -1.868093740777660161e-01
-7.372507065040026508e-02 -1.362336916770969131e+00
-3.657645812954138931e-01 -2.397588047744684536e-01
9.062458892021499901e-01 -3.037165424470412156e-01
1.769021174569753579e-02 -3.930424133456825175e-01
6.460786044587285559e-01 3.196274874580745107e-01
6.652462034960100745e-02 -1.792983236826540400e-02
-1.159685286124595704e-01 -1.004324235533032184e+00
4.880888754745339730e-02 1.873611655009301546e-01
5.183753136239990233e-01 -2.314110834231138392e-01
3.602740906055240666e-01 5.270159237409289821e-01
1.357062396501709234e+00 -4.481232402143870419e-01
7.266826853411508802e-01 1.789274200110611002e+00
9.358328977089906964e-01 -6.552525495633126917e-01
2.117974186176731222e-01 -1.016993667823602010e+00
8.142566250476094281e-01 -5.234324275855984920e-01
-5.729787805577468696e-01 1.642345638776047778e+00
4.950841444165041821e-02 -6.468386362244560317e-01
-3.361275154856176450e-01 6.427356497804512410e-03
-8.248676956090979229e-02 1.617481754167251762e-01
-1.946720625471003441e-01 5.927786049494695453e-01
-1.245584648196244926e+00 9.638616252386889016e-01
6.864638928497132087e-01 4.911051419228735782e-01
-1.089111245362922364e+00 9.028260196947850424e-01
-1.709046456429566263e-01 -7.646065855983696750e-03
8.815043168223796188e-01 1.083822420703258294e+00
-1.515198504328741924e+00 4.230448054491296461e-01
5.248701735002507807e-01 1.868271424396016345e+00
6.413107235378088244e-01 -1.121890807019415570e+00
-1.892042886414968095e+00 -3.497795474899856316e-01
1.920596467012307684e+00 3.811523275379826159e-01
-1.284043517028006232e+00 7.660000448868916623e-01
-7.644009051104245778e-01 1.125065119878370545e+00
-1.546353487596630050e+00 5.794852646802388652e-01
1.034652484470833578e+00 -1.249959153549433211e+00
-1.107270052118158737e-01 -1.911296287972595653e+00
-3.418744086509654945e-02 5.569467355110433449e-01
7.223107957661037970e-01 6.440118935869433292e-01
2.154352771517338561e-02 3.020943111351792609e-02
-5.434424950260169362e-01 1.906853492442763809e+00
-1.229632377305987401e+00 1.502656656367874710e+00
-1.382889898030323028e+00 1.056693726021599833e+00
8.624393447966066661e-01 -5.532991878858699586e-01
-8.648717287262813747e-01 -2.726109214673834158e-01
-1.678513324244326477e-01 -1.192374915217220721e+00
1.641710088834803738e+00 6.878591721451391416e-01
-2.518463069237276281e-02 -1.454805417247601929e+00
8.194876736295568787e-01 -1.373546448285936750e+00
-5.904969209095172200e-01 -6.741758063038413296e-01
8.006461502132190544e-01 -8.423794300626394893e-01
-3.580252494954344056e-01 3.772333257798897166e-01
1.485376063206996111e+00 1.134585767439358683e+00
-7.348067136204022853e-02 -6.853864005338834442e-01
4.927119958356709351e-01 -8.020419962500774380e-01
4.367031576461466447e-01 -5.488938152503288759e-01
-5.016736645625096136e-01 1.048994544566292042e+00
-7.516538671191930199e-01 -4.032646350966574422e-01
-1.469443796099311611e-02 -1.124330882178021379e-01
-7.130337621260497416e-01 -8.464500614034804471e-01
6.543853971381521917e-02 -4.061331679385119520e-01
5.324911841849841454e-02 -7.411564495707361200e-01
-1.250703084250588959e-01 -1.386641782175674353e-01
1.777783567176122181e-02 4.401658239943102013e-01
7.044103135435009211e-01 1.762747216631732894e-01
-4.774466879196294644e-01 -4.265076488568664975e-02
1.171981241206911939e+00 -6.960238884619988076e-01
1.689101075546887154e-01 -1.798702664164997522e-01
-5.013872481063607056e-01 -1.752483052648138584e-01
3.312443022968673545e-01 7.689958825222253935e-01
-3.474240935799801644e-01 -7.322894051353191491e-01
-8.796322021173915706e-01 5.358242206909070715e-01
7.258963419421753382e-01 -1.941690519380059321e-01
3.640186652713693349e-01 1.679350512970933185e+00
4.059846899788972091e-02 1.307562964146395945e-01
-6.292149235260715567e-01 -7.877957963606937453e-01
2.474558298481502605e-01 1.070431306827254403e+00
3.336305493392048294e-01 -9.792307191950794243e-01
6.817691285201080142e-02 3.024236719469388865e-02
-1.619059067827254506e+00 -7.942839372746501869e-01
-1.009826866308295434e-01 1.013664304156964568e-01
3.817022955688335051e-01 -2.936586038879389071e-01
4.474341740167351866e-01 -1.001225864765355356e+00
-1.947269004492357125e-01 5.762326986091097503e-01
4.804959202371190674e-01 8.347372907746873905e-01
-2.272204995763109359e-01 2.493274438574420160e-01
7.866587898920159860e-01 -9.224241142711678831e-01
-1.693405517330942578e+00 -7.409613961385861369e-01
-9.277406627461535216e-01 7.503601513944121448e-01
1.048807900709657126e+00 -1.034274570816620109e+00
-6.725717171190370713e-01 -1.006691704855737640e-01
2.157096633601383873e-02 -1.667248608496019191e+00
1.914897923614359843e-01 1.083929009426624512e+00
-1.123344755367411629e+00 -1.098649803358597993e-01
4.612208959859676050e-01 -3.991052949077328882e-01
5.523796764651998092e-01 1.810208966756799431e-01
8.879252295043620347e-01 7.724435496493530229e-01
-3.967940236442725199e-01 -1.241227597695470086e+00
-2.793504842731196480e-01 -5.315811329592451395e-02
-6.402317424568331194e-01 -4.713962804648232363e-01
4.096587188188525741e-01 -1.140808459285424181e+00
4.850256091979891493e-01 -9.866957344756425163e-01
4.329260708957458625e-01 2.649156394369622802e-01
-3.700559975876947794e-02 -1.817136735853051854e-01
-2.568869743684250584e-01 2.466922387623445567e-01
6.620351230616036142e-01 -5.815917946828889074e-01
4.006929435996235411e-01 1.334707040576924575e+00
1.011415364461403676e+00 -1.510271791654428819e+00
-1.186128194939324754e+00 -4.767468912599559516e-01
1.752626546864077817e+00 -3.536718884018650311e-01
2.818468038343392434e-01 6.715426044880360434e-01
-3.699327476008669180e-01 -5.535985919692319041e-02
-1.841402497423055562e-01 -1.403945439729668010e+00
-8.484266391713232158e-01 -8.984462267600211716e-01
-8.500041346887092508e-02 -1.073498669048644633e-01
-2.686424217221810018e-01 -3.816388087976079965e-03
-3.780090900226144579e-01 7.490087896562681591e-01
1.049841897240776589e+00 -1.693335590734371454e+00
-3.643718925423491961e-01 2.632249219484899538e-01
7.499726109901092563e-01 -1.245190917700845556e+00
-9.475449613310420460e-01 4.203392400035886878e-01
5.035350603371852723e-02 1.054086934897322969e+00
-1.184467877778836442e+00 7.440037066310489777e-01
6.841294275828284366e-02 6.652257080418260138e-01
-5.835424966491234988e-01 3.683100625979121023e-01
4.239087316838627273e-01 1.710630583194668874e+00
1.036102905047139755e+00 -4.276922317288964770e-01
1.765319850951720948e+00 -8.958012070061633914e-01
7.240320598713564926e-02 -7.590573206797454620e-02
-6.067877884428105606e-01 1.161070124516426993e+00
-9.299304370748163739e-01 -4.816397978470739472e-01
-7.013822608498947175e-02 -9.142872710277417936e-02
6.270284409614925725e-01 -7.429788319452300671e-01
-9.140064438031100247e-01 2.638714203204985953e-01
-2.528873859661032730e-01 4.084526479244342256e-02
-1.469611109624085366e+00 1.869135430306786694e-01
7.339363267112948286e-01 4.260367257695493182e-01
3.485487717026809484e-01 1.813954589311168819e+00
-3.704492461351791555e-01 -5.720797324591301303e-01
1.791655912329256140e+00 1.138892293170010311e-01
2.605545052260060945e-01 -5.750775903216154283e-01
4.390154351565352386e-01 -1.604192723206466331e+00
-1.153299010268447472e-01 -4.189040392242058264e-01
1.354101113508902277e+00 3.460537852960756666e-01
6.388465864247989678e-01 1.426274676351719783e+00
1.858607908610959703e-01 -2.244468650119693098e-01
1.059574619809615204e+00 -1.673427453732711623e+00
1.192800246343792420e-01 1.081852614223742653e-01
-7.151006999680942222e-01 7.370461692807225296e-01
7.959683859802829664e-01 -1.268161320031110373e+00
-5.364722697692090314e-01 1.148570027824623169e-01
-8.689059439087972736e-01 1.129122595032268500e-01
7.707172978109105843e-01 -9.638937956202893176e-01
5.267543181657314832e-01 -1.424593408258605587e+00
1.261750687607079424e+00 -5.996167938276728560e-01
-2.132192211952920469e-01 1.863148751649629897e+00
-1.016522251648736885e+00 1.432916976744016135e-01
9.491849048657489130e-01 1.619804556303377607e+00
1.873945134595527140e-01 -1.216969688112620185e+00
8.113193055460551917e-02 1.444250815644105568e-01
1.958072049551100036e-01 3.695281910548983695e-01
-3.809820545506984457e-01 -1.759594316911978984e+00
-1.896067075609884911e-01 -1.419468946717495073e-01
6.550031056675708063e-01 4.415735394411525183e-01
-3.939285201059398167e-01 -1.378975918624146813e+00
7.066834443106720931e-01 3.238845739282839031e-01
1.212226477383906209e+00 1.364905966032292639e+00
9.119027567871305084e-01 6.092311584935954372e-01
-2.599187577649444622e-02 2.136269268954680001e-01
-2.406668331766467078e-02 7.172420320922877346e-02
-1.972575354936756842e+00 9.161937552125834494e-02
-1.532536378512281638e+00 -8.939541824928736169e-01
-1.149988839257399809e+00 7.808098106113510184e-01
7.611767429553605302e-01 5.266247218143228492e-01
-1.397458368406025109e+00 1.281494560580205722e+00
4.037901833026915077e-01 3.393028242631593305e-02
1.056159989227281271e+00 -3.997203681064281366e-01
-6.059538371915427213e-01 1.578273444865077035e+00
-2.011164156848486151e-01 1.476824883718548254e-01
5.067085848470382903e-01 3.140851141096794863e-01
9.570954651418632497e-02 -1.187518758400377017e+00
2.006248300576127519e-01 1.918212199360177228e-01
6.507195241884285997e-01 -6.734302268762140109e-01
1.154105101485528362e+00 -1.462610776571221516e+00
9.037895898285309704e-01 -9.225420149643275280e-01
9.023772398915467230e-01 7.885922593296860184e-01
-6.648344555380191201e-01 1.815052181944398725e-03
-6.138923960317207440e-01 3.428751010900379925e-01
-1.248158248051917774e+00 2.861211101470862994e-01
1.233083012623749974e+00 -1.454687884219343585e+00
-4.892364462454303342e-01 -6.525475945101625319e-01
4.774066034237519074e-01 3.153474789683726742e-01
-1.404203971804251827e+00 -6.871659900391775544e-01
-2.514243055596812604e-01 1.671928562966903120e-01
-2.452958330256041208e-01 -8.902857710087209719e-01
-4.611140807599890534e-01 -6.575850453962884812e-01
1.253043031011573438e+00 9.601680544607223977e-01
-1.928174205988123280e+00 7.369002592277321129e-02
-8.216222215386379535e-01 -1.348761109542968850e-01
4.868801472113116688e-03 1.227269016618683616e-02
1.151146632805089665e+00 -6.378115771593136918e-01
-1.002396303285609358e+00 1.667309561602388523e+00
1.316412388581076898e-01 -6.335216375507095599e-01
1.968323897220751295e+00 2.472656763824527537e-01
4.202237162221894584e-02 5.552895476967857347e-01
-1.803278642133178344e+00 1.989929846324151597e-01
2.859946495293672619e-01 4.507541874330848186e-01
-3.781517716600893420e-01 8.412003577499623796e-01
-7.055004256876129531e-01 1.087342754883966922e+00
-1.054153362392927118e+00 -8.622726913328749854e-01
4.376309754887339754e-01 -6.086578300321920931e-01
1.354426314088414740e+00 -3.351268783680015351e-01
-6.357178839475936538e-01 1.637505534445319766e+00
-9.667561404284540083e-02 1.467758768054000296e+00
-1.398085321820082161e+00 2.153265246469070471e-01
-8.626404969391309185e-01 -1.680987792047145879e+00
-4.220695832021035820e-01 -7.214687580729217675e-01
7.087605764145366027e-01 -8.243437002965944282e-01
1.400155772761587425e+00 -6.378182364902260648e-01
-5.792593801988902280e-01 1.507618738944149772e-01
-9.759659056900686913e-01 -4.067858168781492423e-01
-6.627920205433385226e-01 1.146116230617013620e+00
3.060966326862100129e-01 -4.028449880064380872e-01
-8.563383527507671955e-01 2.310428056019473708e-01
-4.401961344380628249e-02 1.435276822826900389e+00
-3.327375479812391679e-01 1.971241277257791136e-01
7.145844075356364566e-01 1.562345110765149370e+00
-3.068463798225718950e-02 -3.114100071509310341e-01
1.393008174552360923e-01 9.978700493047405473e-01
-9.222897165619070581e-01 6.451575185953469793e-01
-7.469752822365506584e-02 -1.557862442958421578e+00
-2.874828083477635188e-01 -1.815679332158921744e+00
-3.415379488171800815e-01 -1.121817394369473142e+00
8.030595728893163976e-02 6.264154322448650322e-03
9.935531261726433527e-01 -3.627489396404988686e-01
5.229814382735094025e-01 -6.524827877096565053e-03
-1.597353484396754952e+00 -7.735993970544812193e-01
-5.035760831353459643e-01 2.565148883569201010e-01
1.452111999381512468e-02 1.516140951247493707e+00
2.459499990035516059e-01 1.871407330304460104e-01
6.479697675118528677e-01 -1.588918169146042170e-01
1.090908382680318756e+00 -3.692895438756915033e-02
-3.281323745352426879e-01 -3.952675403093830475e-01
8.859252366376593746e-02 -1.941367000075051807e+00
9.887901516463599716e-01 -1.459468682545663309e+00
9.517447106309331883e-02 -3.695604388476847815e-03
-1.381396901669737165e+00 6.899390808378980111e-02
-1.369117619947879394e+00 6.605792415894926606e-01
-9.333333213369210402e-01 -7.225628567052388984e-02
-4.474843685719687852e-02 1.057833449919168695e-01
6.598412752096282086e-01 3.372391851906365035e-01
4.507717601069422542e-01 1.676314323378555460e-01
-1.108797564818172710e+00 3.110971854062990483e-01
2.541347793881875219e-02 -9.941555524011647105e-02
1.636214905574145950e+00 -1.210970404759045271e-01
1.278536016156021304e+00 -2.572420042073077506e-01
1.430850290102615996e-01 -5.231215705346045075e-01
-5.735549332916036747e-01 -2.274685685222215537e-01
1.405439607459930462e+00 -1.404318743490699184e+00
2.954693259406853123e-01 -6.469798617491762105e-01
1.391281072648172489e-02 -2.825799228996385137e-01
8.766911633135543447e-01 -1.160419979572394344e-01
1.116844881906717157e+00 9.893559584651958616e-01
9.781914990389697362e-01 8.958054963111684588e-01
-1.066760962931315060e+00 -8.846366842606551151e-02
-9.274182089917072380e-01 9.145551457776178450e-02
-3.685313633994003468e-01 -1.149165264103391371e+00
3.767519887919246191e-01 -6.445026169760419421e-01
-7.558786135562525210e-01 -1.183509767891188114e+00
3.700134088910760899e-01 -5.501555414621762674e-01
1.049382293351536904e-01 3.183586685464295796e-01
1.043165543638022497e+00 4.873344024229855354e-01
1.110784299436743172e+00 -1.206391580794818230e+00
4.193337858069166590e-01 -1.004999537696704692e-01
-7.853527872398258225e-01 6.508901292083458801e-01
-5.342034310837914246e-01 5.230352070077994853e-01
1.361649645904341011e+00 -1.403860666035658511e+00
5.605915181710022788e-01 6.519224219662284048e-01
-8.864730132392225626e-01 -5.970706404765130371e-01
1.199942327120109009e-01 1.805212845518682219e-01
9.750451368832332988e-02 1.343897006328295562e+00
1.068819019602461617e+00 7.527045998424661821e-01
1.117874623294507486e-01 1.000287153409011198e+00
1.456390117859716060e-01 -6.591857916413758067e-01
-4.624124240704051148e-01 8.194533769447569505e-01
1.642129452141316837e-01 -9.868212900893901240e-01
1.721190271311024700e-01 -1.661255470172235293e+00
-4.242645378627296071e-01 1.775252709997341194e+00
1.975304085398254861e+00 1.964719804689356031e-01
1.807211286622744328e+00 -5.671469738257874926e-01
1.023015940618006436e-01 5.560307118903781154e-01
-2.597395371415637047e-02 1.264176777416140762e+00
-8.731102835169163301e-01 1.018095911208724974e-01
1.524051528934031063e+00 -5.946530315690911062e-01
-1.455884211209963919e+00 8.912711002030941909e-01
1.558944840301842882e+00 -5.551155030298379200e-01
2.939197524872010359e-01 -8.446262135774865731e-01
1.760916947450007708e+00 5.525645511755916672e-01
-1.669231992546852394e-01 7.156686282858054637e-02
1.126347597907659148e+00 1.802392911515018903e-01
-5.757977068732862413e-01 -2.359734398255212973e-02
1.759124092435259135e+00 2.926134009400171987e-01
-2.552642813132440236e-01 -9.083433007145724769e-02
3.584738432599769986e-01 -4.059653815354882095e-02
7.382246576204833932e-01 -9.597407268533242330e-01
1.579529583234918544e+00 9.847158410182320354e-02
-5.199722517227374219e-01 2.633699263871970286e-01
1.771972280649751541e+00 -1.811312745479746189e-01
1.843852113805759751e+00 3.812602920932323669e-01
1.556565821614263712e+00 6.034134735308046560e-01
8.065595542821470121e-02 1.601123157213511172e+00
3.682191045469203061e-01 1.091396768301385461e-01
1.386471206766851205e+00 -9.895220277798711939e-01
4.875411862108334771e-01 -1.535818466810165983e+00
4.400760094821505874e-01 2.113083479437802004e-01
6.090678969664647946e-01 1.349105582048716057e-01
1.212123092662618501e-01 2.741039565374564502e-01
-4.057789193466512789e-01 -4.220759154750304831e-01
-1.590181321429628092e+00 -7.941654097723885863e-01
1.602749744384376118e+00 7.539208928200058502e-02
2.760954336378330584e-02 1.020206010984602063e+00
1.327788081514205132e+00 3.002202123103605014e-01
-1.128054014317327325e-01 5.513262001418645086e-01
7.204776370390432172e-01 -7.734353148040814530e-01
4.870301697643392713e-01 1.565526658940959770e+00
-6.577558091523476591e-01 -5.952910569035237964e-01
5.528193147826446774e-01 9.871698371872236200e-01
-6.262496272159023825e-02 1.316420228309171936e+00
-9.282812222803617230e-03 7.239313436560671500e-01
-1.531702087338318308e-01 3.073941222912856749e-02
-4.296844162755023011e-01 -1.874852661164264911e-01
1.855135806059746484e+00 2.275392553354307068e-01
-1.544708831446540143e-01 -1.234555221549170856e+00
-7.126514531928388463e-01 7.841082630085632887e-02
3.089565877845384945e-01 1.501497893412555296e-01
1.111111295171329338e+00 -1.652240700011788022e+00
1.470255329696033897e+00 8.967429643639121539e-02
-1.081637373794561569e-01 -1.228946154285742942e+00
-4.159823650541881745e-01 -9.002732586132303760e-01
-1.399848287301345584e+00 3.536869586868899851e-01
1.325386242053652464e-01 1.732215793075185806e+00
-7.312288421221991852e-01 -4.115835894055779320e-01
-8.837724594712654813e-01 -4.522530584741548121e-01
-2.256088425272855802e-01 -1.464469387165891479e-01
-1.293413321263022331e+00 -1.542371126153487260e-01
8.636118882526937213e-02 4.752762998431653285e-01
-1.664666551249803506e-02 -1.100653403903343319e+00
-9.941094304352307010e-01 2.485068960027975171e-01
4.135541976521319163e-01 -1.500588037575028677e+00
1.217902448156297002e+00 4.310764551426885527e-01
-1.441151300964134796e+00 7.012728710431490597e-01
6.002668666048081858e-02 -6.352474691640697113e-02
1.735130086483761991e+00 2.719764548941578514e-02
2.216508205180459934e-01 4.299543936076842821e-01
1.552003022938429400e+00 9.545967081982891650e-03
-1.148437952880247692e-01 -3.787097769910861000e-01
-2.957149047834389116e-02 -9.465402324965750402e-01
-2.916353067861430781e-01 3.361954888880416825e-02
-6.503927699656065764e-01 -1.443919216583054166e-01
-1.054295199903520358e-01 1.663001949901456167e-01
1.049373281010957948e+00 1.874266730139601267e-01
-8.222505170028856503e-01 1.495645570823203707e+00
-5.934363839643670424e-01 -8.634849726291498051e-01
3.022664962231716435e-02 6.862083133288443548e-01
-7.176910688130417881e-01 1.573791800199716429e+00
6.422165388360753235e-01 4.078362554832737352e-01
3.309397005919988977e-01 2.900379380528247397e-01
-3.049377331096291346e-02 1.635182744888907524e-01
-1.155340140525419557e+00 -6.427972410683392424e-01
-1.391326882785253183e-01 1.891213641006650181e-01
-2.122771345683794886e-01 -6.901959998273757835e-01
-1.607483193907657038e+00 -1.897924881097835248e-01
6.642633455072877169e-02 -3.818854356698640068e-02
1.411748468449261829e+00 -1.336011448060487883e+00
-6.226465210374968473e-01 -8.865875539131524707e-01
1.635953205809281608e+00 2.866100841777650676e-01
4.896414450829757181e-02 8.162889112608426312e-02
8.160643253465417191e-01 1.475704249623740250e+00
-1.100229275109890548e+00 -1.704712377826614611e-01
-5.224578765477386755e-01 8.408605905482620380e-02
1.693737799417601275e+00 -7.961176834836785066e-01
-4.114792712529579677e-01 1.239423419999629683e+00
3.061284053615055956e-01 -1.239670028607923857e+00
-3.526005043430516239e-01 -7.044261098241774710e-02
-4.305962566149573734e-01 -6.714484740259848428e-01
4.872508436947706745e-01 -3.618709700294279741e-01
7.612605866072331695e-01 -4.793174437475886118e-01
9.942867067075303877e-01 -1.257620924088460157e+00
5.582569432605838378e-01 4.001821000030184594e-01
6.059039889155819480e-01 -1.326742097440943846e+00
3.581995233714561078e-01 2.138183352528739145e-01
4.292695547065030204e-01 3.377210470695566347e-01
8.196922262625824449e-03 1.603297387978319222e+00
-1.787240557578674283e-01 5.097580988266238455e-02
1.463000430659698592e-01 1.187194346781599519e+00
-3.269038976022315551e-02 -3.562443886816900329e-02
-4.204983292328483557e-01 -9.128569854688560747e-01
-3.664325712234817733e-01 -3.239631684443296938e-02
1.312487245954037762e+00 7.781082209005744099e-01
8.916963785301786904e-01 -4.847834426461362645e-01
1.741181105699723508e+00 -9.505237940665395291e-02
-4.534296828552124292e-02 1.040017875876245501e+00
-2.163889505468485353e-01 4.842232903504048447e-02
5.434222271459939746e-01 -5.796399996862219295e-01
3.553025295258633864e-01 -3.704191799522577044e-01
-4.831545734164733874e-01 -7.721695729867086300e-01
-1.198695828814109854e+00 -3.884699877349962471e-01
2.252179501230782144e-01 4.231994794905090118e-01
-1.463505770146150686e-01 2.331405314433536713e-01
-2.634116550205134466e-01 9.614174425851136352e-01
-4.342258515551471187e-02 -1.832861864469796931e-01
-3.462333648546371823e-01 5.464343336409105412e-01
7.073653406498667251e-02 1.173163748632602837e-01
-1.232682620626579961e+00 1.091312644578943170e+00
1.253581254709106974e+00 1.516722638181784655e+00
-1.166680441421681591e+00 -1.144805580588436733e+00
8.900734602766601222e-01 1.180890206141093968e+00
2.494517319830269475e-01 -8.365740896571206564e-01
7.351135848829633002e-01 1.361500790039003261e+00
8.581051624389078591e-02 1.964984869759051067e-01
-9.711090977500387300e-01 -1.593582508357692884e+00
5.758274847845099575e-01 -8.603878036475062774e-02
1.219654396821275633e+00 -6.081491626927354455e-01
-5.112929061781239515e-01 7.129987533494133167e-01
-8.952804701194848613e-01 -6.093474635886139135e-01
1.408149257855857983e-01 7.852577340351581947e-01
-1.435815990076385162e+00 6.544201689850515091e-01
1.263280336551812599e+00 1.166831412090509223e+00
-9.006738220933300232e-01 1.210466650551305312e+00
-1.752789332704076108e-01 -3.025860046952582594e-01
1.394781147848317970e-01 5.401615997972081251e-01
-4.464046184294724884e-01 4.557335934246015685e-01
1.888065435924977664e-01 5.186297889105083714e-01
-1.040370704777798139e+00 1.328567187016458151e+00
-8.697947767049463152e-01 1.415458414888392413e+00
-4.715840467428347726e-01 -6.174092623233619070e-01
1.618449016114782979e-01 -6.437749315619546719e-02
1.506758547071809229e+00 1.032089790839403776e+00
4.459728473858503572e-01 -1.198649499619210523e+00
-1.846372638003357380e+00 4.860453795747357031e-01
9.888366314790680844e-01 1.462634073929322209e+00
-1.313489644870164397e-01 2.180649598964317926e-01
1.588214653951809108e-01 4.890375751534588589e-01
-1.957030802784097134e-01 -6.722440274645489211e-01
1.692665561370401139e-01 2.150407578678582565e-01
-1.012152430132121916e-01 -6.655038813429080269e-02
1.343559741403914654e+00 -1.199271722087434489e+00
-3.157914191313675872e-02 5.001141017154321113e-03
-6.976203604744674047e-01 1.533650910194586103e+00
-4.625939894817411384e-04 1.533830887031994647e-03
-5.385262413661491276e-01 -1.442926467412805336e-01
-3.774906000350311541e-01 4.280947251135598375e-01
4.825327830575206756e-01 9.417993272317790598e-01
1.292446841985261941e+00 -1.386650843948333600e+00
-1.659167389116982250e+00 -6.131404472461721156e-01
-6.970634275789328038e-01 -1.340749979042646922e+00
1.189374815178852129e+00 -9.306552551960963759e-01
-1.973542701474025218e+00 2.197581561713708442e-01
2.957369765514495930e-01 7.277028377132697123e-01
6.758479386680894818e-02 1.143899591044629238e+00
-4.580638047202752472e-01 1.872663886850611456e-02
4.844394757729941769e-01 -1.360464235846349235e-01
7.980786021788189855e-01 8.769175816942962332e-01
1.450870598850957816e+00 -2.901343155727243439e-01
3.566865884823045008e-02 8.580000607359956899e-02
-3.436883575548528302e-01 8.151715192452096970e-01
3.409635286219873662e-01 2.954650089420878811e-01
-2.958007895695487499e-01 3.385468854721738752e-01
1.418367324070490265e-01 4.003188780637025879e-01
-4.260540623352375156e-01 -5.715086655478754940e-01
-1.598874606368805851e-01 -4.781503844321551705e-02
3.071840396485657834e-02 -1.730927291988968234e-02
-1.897275247071265936e+00 -5.350718531488770635e-01
7.096166598653340651e-01 -1.601880448576963989e+00
-8.688334640162457267e-01 -1.095536994275504855e-01
-2.254432958186219083e-01 8.789768227210060791e-01
-4.010433028016158197e-01 -1.534170584810160332e+00
-1.866922905646881681e-01 -5.292515506905760558e-01
7.878099441678173553e-01 1.494886326133110455e+00
-1.413939028152555011e+00 -1.204962539129447618e+00
-1.183645063886980264e-01 -4.361883600788217519e-02
-1.501193610739670059e-01 -4.674867919561511709e-01
7.462481222112877788e-01 8.492751519690815432e-01
-1.177169956172078091e+00 -8.100210612707825497e-01
-3.258722684234489630e-01 7.763632685681554069e-01
5.978912224127358455e-02 1.871515909010062996e-03
1.441756959438150298e+00 1.247385484129090338e+00
9.278874778431468462e-01 -7.328179117034004653e-02
1.861516240394992527e-01 -6.557673824637904048e-01
-3.610477074238023776e-01 1.934899121851781256e+00
-4.444366222651324194e-01 -8.792935418739326048e-01
8.166314794183714143e-02 -2.566822949475997678e-02
3.044935650654812531e-01 2.954324894868235463e-01
-2.686139207070787349e-01 -1.545570647808699738e-01
-2.390363487070824022e-01 -4.100521598292455883e-01
1.903661173828999631e-01 -2.015923920612881226e-01
4.844244943454363295e-01 6.449281722179545095e-02
-4.094523539213873464e-02 -2.962125927468611808e-02
8.373321862415491479e-01 -1.812181629733685018e+00
1.830913961946992741e+00 -4.509866542241079690e-02
-1.302348021786553955e+00 -1.388139495606557139e+00
1.902414412325484028e+00 -3.035819815073589334e-01
-1.718555408643589466e+00 -9.120856272759997330e-01
-7.141414292973380373e-02 4.407515937578029147e-02
1.037821143848203544e-02 1.174051037414355070e-01
2.681132170628574563e-01 -3.842943577611162564e-01
4.047700186344048157e-01 -9.279512292365197368e-01
-5.039559730319687070e-01 -5.924328011594334059e-02
-5.828594185411741790e-01 -8.761270955773439173e-01
1.338453625419734894e-01 -1.461453424488061481e+00
-1.792636037958825979e+00 5.523005268866979650e-02
7.313216335681683722e-01 -7.614059555431286208e-01
-6.759279107410089971e-01 -1.296687045399720573e+00
-1.908923824056038832e-01 4.974769413889146980e-02
-5.946435171475960013e-01 -1.006793609665772804e+00
-8.545463636026945364e-02 -3.183774572315461460e-01
-5.303048238575447382e-01 -7.783079924074078060e-02
-9.330436005773579122e-01 -1.093765020029255464e+00
2.787247272871613141e-02 1.590468284287425635e-02
-2.566058752049878433e-01 -2.057221352891426269e-01
6.127815316660412126e-01 1.721509173151926753e+00
-5.774099433030978057e-01 1.679819932534496685e+00
-6.667424348145603030e-01 1.027299605589417686e+00
-8.824758435207900042e-01 3.950676748078894157e-02
-7.935760657856418820e-01 -5.912205745807288526e-01
1.471874770999594739e+00 -4.791619033406617212e-01
1.539457178260745573e+00 9.877725881999139812e-01
-1.300189728873725858e+00 -7.803449393305080806e-01
2.401634366674154641e-01 6.195788273444358119e-01
9.384739911337651730e-01 4.501291487967353788e-01
1.044416979071026930e+00 -7.604670480804229804e-01
-3.480756717677630507e-01 2.367213087021215190e-01
-1.329410841639414365e+00 -5.393448556654434345e-01
5.754031710183603598e-01 -7.720712916624657973e-01
-2.780688003812016862e-01 -1.152593036945505495e-01
7.724017948151090662e-02 9.708607558893438405e-01
8.762149059525561334e-01 1.035138052054569657e+00
8.057735327678966497e-01 1.662359204055728679e+00
-1.223902760319269367e+00 1.564574208278012968e+00
-2.262022310538087666e-01 -2.409708530377099520e-02
1.733618698328571517e+00 -6.886842856389259193e-01
-1.599589515200607659e+00 -8.411999840042276855e-01
-1.857920653423259238e-01 4.620322785597081872e-01
1.988881517459049897e-01 2.876044160840743880e-01
1.030386596114017062e+00 1.788504143072947861e-01
1.409923539142501070e-01 -1.652526017866311703e+00
-5.787109585725656036e-01 1.868813763332111966e-01
-3.628425093879424912e-01 2.906975530814407960e-01
7.621337771078472434e-01 9.029926885385618496e-01
-7.824602666648745875e-02 1.381685022581056466e-01
-6.565023664864982900e-02 -1.224876945092573610e+00
-1.041799571106034605e+00 -3.018004164897700181e-01
-2.143319552059857191e-01 7.537291001821284642e-01
1.155124953558779310e+00 1.587841238628511009e+00
1.009035290249127859e-01 3.558534524081054529e-01
1.231551561976654552e-01 1.133805141954372653e+00
-7.629407960836118718e-01 7.040097170456537379e-01
-2.433540025549552899e-01 1.642357384590547253e+00
-5.205907808489915745e-01 -1.475330101774182889e+00
-9.765827934519634781e-03 -8.215613300777878658e-01
-1.347912191769029266e-01 1.134745254363440786e-01
1.654107287379167568e+00 -9.934906608166954589e-02
-3.590399514672197590e-02 8.525587359246469266e-01
7.163745282003056714e-01 -2.181458909027635673e-01
-1.222517710137048130e+00 -5.220861780193470914e-01
2.808864104319156452e-01 -4.352398767816069783e-03
-1.153205666577047817e+00 1.355163544659199193e+00
8.632801311004609790e-01 4.899959592306485368e-02
-2.887747109172655313e-01 -6.227145538048231010e-01
-6.884459431089445802e-01 -3.375228857089057621e-01
2.354963504025762155e-01 1.507217087975765146e+00
1.245279170895421839e+00 -1.204916309383655237e+00
8.327962499489617310e-01 1.374817711921477725e+00
-1.085464570090025838e+00 1.007057832626111704e+00
1.321841260960316955e+00 9.317834505570539161e-01
3.534275776466737351e-02 -5.464694024786380666e-01
-1.440036506646372949e+00 -1.164735931848679185e+00
5.821411744157384272e-01 -1.610286978445990114e+00
3.601463052736378345e-01 -1.406547612063152874e-01
-4.033697586878078334e-01 1.539691117597846715e+00
1.081894934711850498e+00 1.009406249861878546e+00
-7.036539334703393322e-01 -5.152756738670308811e-01
8.000224369549882586e-02 -3.611274338579157361e-01
9.224514970276304071e-01 7.288450677990891968e-01
5.491293424871938056e-01 -8.014912749281960513e-01
-9.369240161608692607e-02 9.366297600714565408e-02
4.708433150604115491e-01 -3.347582559229338173e-02
5.082564451245076553e-02 2.746304899084472950e-01
-2.215127645211883434e-01 -2.924015121343228728e-03
-7.614829460215589985e-02 4.796584192139065062e-01
-1.769758820170018287e+00 1.225681413838823099e-02
-1.273703956359515388e-01 1.732657638338875594e-01
2.736181985047571597e-01 -6.997287427212355304e-01
-1.826541620583060466e+00 -2.846109521735460529e-02
-2.780236823385520140e-01 6.939554719913437753e-01
1.095241556096093971e+00 6.317538648886831254e-01
-1.304683815255391621e-01 -3.467208466344928186e-01
-4.168307492520991198e-01 -3.207341852165910279e-01
8.477282429138176534e-01 -5.492092866224111969e-01
-6.797184911944341712e-01 -9.156201910814945055e-01
1.393926996126791051e+00 1.139821849306947410e+00
-9.242330535547782500e-01 1.472288291163180718e+00
1.359533937858663943e+00 1.436158798892597441e-02
-1.014482303070552094e+00 -4.598319376626127108e-01
6.273588597005830270e-02 -1.974466022526015496e-01
-2.085368448790879126e-01 -6.248955328062499870e-01
2.223273766105592596e-03 -1.057487543980935654e-02
2.269897968771933672e-01 3.106675523941814232e-01
-8.057801131917857740e-02 -4.608202128139384790e-01
-5.309040936332694027e-01 -4.732269139317618611e-01
-3.321265477799835164e-01 1.929314815253458715e+00
-1.703557458447853223e+00 3.098569726610822528e-01
-6.124936292279184458e-02 -1.039058944901215087e+00
1.851510769032227166e-01 1.260065742551604195e+00
1.856288860821759812e-01 7.675986362465327950e-01
-1.044222472419793490e+00 5.439773593503008930e-01
1.643058229793092684e+00 -5.406318856270173751e-02
-3.259787134167438372e-01 -6.856434999299321209e-01
